168
4 286 323 321 327
4 28 318 316 331
4 197 317 314 313
4 441 312 335 308
4 423 309 338 340
4 369 305 303 343
4 97 342 344 296
4 420 297 346 349
4 35 293 291 290
4 333 287 281 354
4 93 355 357 272
4 190 275 265 262
4 252 270 260 257
4 196 255 253 366
3 322 241 232
3 414 226 229
3 358 378 380
3 189 373 368
3 7 267 389
3 334 390 215
3 154 325 246
3 212 164 228
3 352 160 383
3 410 328 183
3 11 123 184
3 337 407 386
3 484 437 211
3 72 362 374
3 462 472 381
3 73 348 238
3 213 117 224
3 319 180 393
3 170 429 178
3 301 395 259
3 266 242 370
3 158 6 418
3 64 89 168
3 108 159 198
3 298 199 169
3 463 258 243
3 0 121 377
3 221 431 295
3 264 375 204
3 475 5 161
2 326 209
2 33 248
2 12 428
2 165 227
2 300 402
2 47 135
2 482 416
2 14 365
2 21 223
2 306 289
2 454 468
2 279 217
2 299 69
2 256 185
2 1 112
2 330 239
2 315 144
2 421 104
2 492 162
2 86 353
2 17 225
2 120 219
2 141 292
2 182 147
2 156 231
2 443 240
2 495 175
2 155 166
2 52 385
2 111 486
2 261 445
2 48 71
2 448 218
2 350 360
2 376 452
2 210 439
2 329 139
2 234 424
2 310 412
2 371 10
2 38 20
2 451 438
2 434 263
2 113 65
2 419 15
2 455 430
2 208 236
2 396 277
2 288 473
2 356 181
2 273 268
2 409 294
2 61 193
2 60 324
2 187 433
2 19 91
2 387 449
2 311 177
2 367 427
2 249 442
2 320 467
2 499 498
2 34 364
2 405 271
2 444 105
4 149 422 447 276
4 99 163 235 278
4 90 459 351 345
4 403 230 384 55
4 188 302 474 400
4 192 391 399 336
4 31 24 23 18
4 201 397 203 388
4 13 8 394 392
4 497 3 214 283
4 207 200 195 186
4 379 401 174 172
4 233 411 237 153
4 152 372 151 244
4 245 148 247 425
4 138 251 136 254
4 432 132 363 129
4 128 119 361 116
4 115 114 109 269
4 359 107 106 274
4 446 101 100 95
4 450 280 92 282
4 453 284 285 81
4 80 79 78 460
4 76 461 70 347
4 66 59 56 54
4 341 304 339 50
4 307 46 45 44
4 41 490 36 332
4 32 494 29 27
4 26 25 22 16
4 40 124 382 222
4 220 216 206 205
4 202 398 194 191
4 404 179 406 408
4 176 173 171 413
4 415 417 167 157
4 150 146 145 143
4 426 142 140 137
4 134 133 131 435
4 436 130 127 126
4 440 125 62 122
4 118 110 103 102
4 98 96 94 88
4 87 85 84 83
4 456 457 458 82
3 77 75 74
3 68 464 465
3 466 67 63
3 469 470 471
3 58 57 53
3 51 476 477
3 478 479 480
3 481 49 483
3 43 485 42
3 487 488 489
3 39 491 37
3 493 30 9
3 496 4 2
