1628
4 5357 1851 8851 780
4 5121 7543 8115 1996
4 8148 6957 8387 8047
4 6404 5602 7026 7920
4 421 2124 5729 5096
4 2589 4874 2323 902
4 5913 2456 1895 6300
4 5583 9235 676 7953
4 6255 3686 9151 7391
4 9906 3566 9784 7119
4 8785 3272 4619 4959
4 3629 7196 8644 9275
4 6584 4912 6359 4965
4 7710 2686 3475 7267
4 1737 752 5324 4551
4 3987 5873 7166 7209
4 7529 5219 1936 7522
4 5231 8058 8849 11
4 2094 2331 3593 2308
4 4386 4102 9063 9111
4 5796 3457 8250 8947
4 9487 4074 2160 4516
4 6735 6381 1724 3913
4 8197 7540 7148 2123
4 1756 7896 8193 8997
4 2584 7231 2982 2749
4 8754 1164 8375 4582
4 998 1955 6571 2112
4 2395 6240 8865 8242
4 6655 2728 2213 2162
4 2861 4695 9129 8834
4 6312 9433 586 3214
4 59 336 7447 6147
4 7923 3499 1946 6329
4 7569 3309 8101 9605
4 7704 4808 7494 8701
4 5515 5295 3708 2920
4 9612 4090 1763 3485
4 7444 8689 9917 4244
4 6632 3047 2652 257
4 8873 3293 1568 8138
4 7262 8384 7359 654
4 8452 7551 1383 5081
4 7796 6495 8745 8286
4 2489 3302 4044 333
4 5905 2736 1427 9856
4 398 5048 4995 8697
4 8407 2922 2259 3083
4 820 976 6176 4151
4 1729 1677 4141 8563
4 6459 6252 3842 9443
4 604 8636 5931 7316
4 9004 2246 3607 3899
4 1248 2064 850 9930
4 7549 2070 7464 9289
4 7064 3149 5383 4351
4 4848 3678 1433 5909
4 5886 1423 6547 7700
4 8603 1013 6534 5330
4 8733 7515 4390 4711
4 8189 1385 8186 1787
4 9529 1707 774 2203
4 9354 9019 6702 1344
4 8437 5592 7088 2718
4 9213 9986 4657 6363
4 6839 63 2962 3869
4 1524 443 3757 745
4 4449 5211 2293 5366
4 4318 7937 6882 6580
4 5744 4961 4112 3889
4 4574 3765 3526 8348
4 9483 4322 4940 6777
4 4100 3647 9528 5919
4 6823 2096 4374 1845
4 3904 9894 3451 373
4 4233 2115 859 1621
4 7108 8152 8626 1340
4 3626 9818 7451 8477
4 8479 2274 9779 7330
4 5416 7579 3337 7008
4 9620 7136 7814 7212
4 1287 9614 1830 2905
4 6476 9267 7715 7851
4 2545 8392 6171 8430
4 9383 5251 3114 5845
4 4004 4194 887 3840
4 3697 818 9344 593
4 1396 110 9525 2941
4 9131 371 1322 1839
4 5427 6762 4638 8721
4 4041 4147 7673 3379
4 973 7757 4847 4259
4 370 4473 9747 5609
4 2061 8004 8094 5540
4 847 2727 6038 103
4 3015 6196 3196 2647
4 2155 5101 1341 6123
4 4863 948 4561 5209
4 9247 2687 1203 2828
4 4644 384 8601 1231
4 7792 5090 8506 6989
4 6668 4509 2795 3253
4 4631 2548 6558 4951
4 3135 8991 3376 58
4 2222 8585 2085 9511
4 1492 1556 6129 1509
4 9618 666 8010 6050
4 7168 1934 9302 2313
4 2752 3844 9243 9366
4 5363 7305 9873 1336
4 2843 2968 2759 8614
4 5570 8119 565 7911
4 44 4917 3072 6313
4 453 132 1711 9252
4 8284 5713 2342 8346
4 2117 1671 727 687
4 1561 4131 2544 8509
4 7100 1734 7308 8026
4 8775 8777 4637 463
4 3505 2141 3618 251
4 461 7101 3170 6415
4 9765 7202 5172 18
4 3295 9295 6611 8616
4 4036 8911 120 8253
4 2932 7083 7862 171
4 8287 714 8485 3368
4 8854 962 2814 1510
4 6640 5982 4402 3745
4 3273 7936 522 5244
4 8591 1071 4139 5962
4 5616 7208 6927 1717
4 3715 82 5359 2536
4 2345 2723 4076 3106
4 5918 7834 9283 4352
4 9813 7577 4480 3750
4 6639 3176 245 7385
4 674 3795 2870 3229
4 3420 9888 3775 3062
4 2935 5791 2628 9921
4 2598 4685 6567 1096
4 3825 7939 9119 177
4 9959 8837 3648 8501
4 6756 8641 5156 7703
4 1081 4106 778 6582
4 1114 7313 3950 5518
4 5001 7368 9559 7726
4 7525 3656 2300 9374
4 1388 8240 2282 1767
4 864 854 3781 3496
4 5989 2499 2080 9968
4 683 684 2045 6994
4 6613 9307 4550 706
4 5526 7259 9542 2802
4 3942 5042 9966 2364
4 8320 5772 2985 6481
4 9128 6677 6913 3632
4 5083 7819 1353 8003
4 5052 9527 2994 6426
4 7369 4430 3228 9713
4 2819 7825 67 5239
4 936 1214 9576 6467
4 2459 4670 4498 4293
4 3484 7104 328 1160
4 8814 1115 5904 1372
4 7863 1101 9539 7944
4 876 1491 992 9365
4 9256 4886 8478 1357
4 7290 2212 1552 4137
4 7950 5214 3689 9629
4 2196 4406 446 9942
4 281 4405 403 9806
4 2475 9568 1136 5622
4 4916 3024 6134 9691
4 5651 3463 4284 7922
4 839 6550 9106 7643
4 7945 5653 3112 6914
4 6170 6782 3042 65
4 7198 5945 2642 8651
4 9965 3896 2009 1202
4 1004 2228 7725 5758
4 1233 1742 3519 3002
4 4579 8322 2060 6842
4 2008 4788 8036 5665
4 7927 2964 2944 6060
4 7135 9866 8751 5529
4 4702 7409 7445 4837
4 5773 3792 8367 6316
4 5046 7961 8332 2619
4 4957 7595 3142 9732
4 7201 8608 9649 6602
4 2558 8612 2674 4884
4 8639 4135 2036 1085
4 8063 6107 8167 709
4 49 4983 9532 2817
4 4964 1210 9263 3357
4 1146 9305 8187 7981
4 3940 9795 7326 9722
4 3096 5652 2243 4902
4 8338 2481 8259 8199
4 636 766 8267 8811
4 5310 1450 6477 9154
4 4240 4185 3126 2351
4 6168 1418 2535 9123
4 71 47 9778 1975
4 4925 9552 9340 1505
4 7516 4655 6537 791
4 1988 9690 213 1861
4 6935 594 7079 5891
4 5625 5494 5163 5593
4 7145 1812 201 4058
4 7 4235 4690 8163
4 8116 4167 8397 717
4 3437 9 3155 1564
4 8465 723 5777 5600
4 1094 1050 4490 1359
4 1713 4320 9946 8200
4 5006 7648 6178 1049
4 7583 62 8767 8079
4 532 8803 8233 9751
4 8553 4150 2023 4867
4 4475 1591 6985 4477
4 8736 9196 2267 7756
4 954 7545 2305 3308
4 7032 3672 2571 3089
4 2726 3257 7050 4977
4 2340 9514 3356 5492
4 3542 9900 9124 1820
4 5686 9320 645 8579
4 2862 7466 5793 1883
4 3583 1817 1976 8835
4 5136 2572 3443 6
4 5854 214 8923 4222
4 6638 7671 4557 188
4 8839 7629 4357 4727
4 9585 1701 750 8779
4 2095 2957 6297 6188
4 9325 7489 8658 1965
4 332 6666 9166 6616
4 4134 9546 7057 9426
4 60 1001 7613 7677
4 9363 5149 1522 8449
4 5544 8529 321 9419
4 9974 1740 5991 7210
4 877 6956 1800 4717
4 7934 5332 2776 9550
4 5733 6342 1351 296
4 5236 4696 4572 9962
4 9545 8431 2245 1743
4 1364 7439 3120 96
4 2575 3730 7153 1200
4 924 7415 2509 8418
4 8040 1249 7647 7972
4 4331 1747 4161 9271
4 7344 8990 5028 1673
4 5970 8915 3579 3223
4 8168 8056 6738 773
4 5131 5683 767 7155
4 7699 4415 5488 797
4 5808 3473 2573 9250
4 5835 3655 2265 3167
4 1061 5074 9341 55
4 2043 6042 1714 5728
4 7824 9569 8548 9566
4 9397 301 3087 2952
4 6419 7250 3830 1523
4 6273 631 7524 3978
4 6627 6144 197 9853
4 8866 264 3845 6742
4 8607 5720 1889 4870
4 8470 9626 407 6377
4 8625 3834 6309 7567
4 1636 1178 9797 7436
4 385 3306 4367 3557
4 9572 8702 5155 3137
4 2089 2809 6336 5610
4 1508 6410 6226 9718
4 5553 2055 9048 8132
4 8487 1810 1476 3673
4 4960 8659 8183 4524
4 5375 4649 730 6769
4 3905 4600 2612 1948
4 7748 6192 2486 9952
4 5864 1228 6058 3857
4 3791 4079 4043 5308
4 3870 278 6384 8671
4 3271 1998 4200 4861
4 9689 9843 1912 1429
4 875 6198 3 1483
4 6028 8940 3001 5476
4 283 9746 7443 263
4 9265 8707 2912 9507
4 6747 7302 6662 85
4 2353 7253 9871 432
4 3944 8204 3997 1587
4 6010 5170 8172 1853
4 9078 8297 4527 9755
4 2000 8677 8453 2927
4 3367 7412 7118 1040
4 1140 4706 915 4469
4 884 7880 4179 5207
4 6578 7095 8442 6110
4 836 5203 1720 6146
4 4532 6483 3028 4607
4 3278 6981 8683 6012
4 7103 7978 3022 1378
4 5803 5849 8964 4565
4 513 7696 995 1821
4 6320 3728 6757 4617
4 3885 9695 8670 3508
4 7319 464 7603 4307
4 2585 634 2877 8722
4 1224 7618 4474 4883
4 7617 1253 3037 5197
4 8929 7296 1037 9908
4 3518 1073 5174 7861
4 6370 6444 3375 3362
4 3877 6498 4786 7870
4 3736 3561 4871 9359
4 1708 1681 8750 3248
4 8932 9464 1117 1923
4 1526 1684 7759 1484
4 5785 2939 8692 3892
4 1542 2627 7536 1116
4 8895 559 2937 1154
4 9599 8524 4038 5902
4 1152 137 2488 4521
4 4439 1571 8328 8874
4 520 4361 3511 5823
4 9880 5278 8466 8637
4 6367 6296 5462 9197
4 8956 7823 2798 5705
4 4292 4975 6656 174
4 3853 5547 5341 7041
4 2592 5839 3107 1833
4 7678 6231 9849 6605
4 3544 1261 7178 3055
4 9769 916 1712 9961
4 2600 6220 17 5998
4 8527 7463 5941 6965
4 4668 9907 1361 172
4 970 6577 56 2185
4 2566 9425 4946 1726
4 9984 5378 5548 7215
4 5441 7255 5503 8516
4 6938 760 7130 3769
4 846 6389 145 10
4 2368 529 9350 7363
4 7238 5250 1570 3746
4 6715 4604 1234 9092
4 3050 5446 1765 844
4 9014 688 6856 7740
4 4663 8363 297 4731
4 2106 451 5563 6583
4 3516 5151 525 208
4 3969 738 1430 1122
4 8931 5271 8714 9168
4 2716 3134 6364 926
4 6752 923 6205 1487
4 1601 9895 5118 9741
4 5649 6266 9597 139
4 1827 7218 556 7558
4 2165 5579 5325 6526
4 7778 1197 2766 7518
4 6540 912 7149 1963
4 7624 8239 6133 4093
4 2407 164 6396 4230
4 3540 3104 117 1589
4 9121 9161 2221 6052
4 2649 2007 8673 5013
4 3258 9214 9182 5574
4 8081 2295 9450 211
4 4990 8833 8059 5875
4 4491 5017 6451 7839
4 2484 1648 8161 5899
4 5948 5007 3674 8824
4 9594 4627 9246 7346
4 8044 7499 8293 2309
4 8650 5627 3691 628
4 9390 2804 642 1010
4 7692 480 5056 7983
4 4126 2127 7204 1015
4 7152 2879 6149 2848
4 8198 8617 8247 6623
4 87 2555 9135 3276
4 6680 2590 2836 7151
4 6102 3932 3029 5879
4 9490 1825 7278 8305
4 6721 7318 2811 3608
4 9719 7752 6645 1847
4 6215 8653 9588 178
4 2125 6157 1866 8606
4 3828 8609 6731 9580
4 656 4555 2872 9471
4 900 9776 1876 3692
4 289 3973 6036 4650
4 9414 1735 597 5513
4 7954 3480 3239 3677
4 9286 5487 6193 1943
4 6256 4859 1620 1856
4 206 2516 5824 1393
4 28 8652 7375 9276
4 1159 1464 9852 9382
4 4671 2538 931 1311
4 5815 4170 8134 1819
4 8578 2226 6350 9499
4 590 1056 1632 5981
4 6685 4522 4573 3092
4 6703 3527 8258 5061
4 3808 3891 4496 6741
4 6531 2697 2999 307
4 834 5559 3132 4054
4 4792 6152 5058 1260
4 8434 1205 7888 8537
4 1129 7764 6443 7105
4 6111 6984 2732 9238
4 8468 1994 151 124
4 6206 8684 5094 53
4 1877 1718 6053 9799
4 7475 3895 8342 1642
4 9637 1874 7875 4933
4 9407 7542 3573 4997
4 290 589 8967 7512
4 7734 2705 1562 4611
4 1888 4725 142 4055
4 6228 9241 9165 3980
4 236 2091 7413 5418
4 2190 9748 2428 9730
4 6306 4857 7610 7884
4 7777 4814 9714 1884
4 9675 4442 4865 9530
4 1704 5371 4661 8035
4 9326 6651 8032 7361
4 6628 2490 9864 9761
4 4636 9602 4692 4091
4 6676 6932 4592 3297
4 5710 8907 7286 6849
4 4774 7993 7406 4875
4 7219 253 5644 4989
4 7659 2241 6155 1445
4 2020 2765 5517 4066
4 4703 9376 5044 1837
4 540 4381 3924 2854
4 5235 362 4363 3654
4 735 6557 1282 5794
4 3912 3558 4716 9976
4 648 7526 9523 7662
4 6827 4506 3802 9896
4 4926 6326 2565 7090
4 3945 2254 3839 1440
4 4187 9016 3531 5671
4 8176 2887 7003 6733
4 8123 7841 5035 3553
4 8423 4656 6365 1023
4 898 4904 2400 7074
4 2461 5020 4089 6976
4 4771 7594 3567 6366
4 1595 4410 6794 6380
4 5916 3498 1598 2806
4 9922 534 8241 4773
4 7733 358 5530 8333
4 9650 4064 7037 2457
4 7382 6289 5389 1467
4 3422 6673 2006 2081
4 5474 1339 1406 7374
4 4559 8597 7683 5355
4 1533 4412 9220 6436
4 2320 9453 7356 1332
4 9368 5205 960 2783
4 7432 1723 9456 147
4 6988 2375 1471 9988
4 4879 404 3760 5336
4 9848 3906 8432 6800
4 5898 7914 210 4495
4 8861 6076 33 6361
4 1584 689 2907 5489
4 6857 489 1422 8019
4 622 8889 1609 9468
4 3323 6490 5457 4375
4 5178 146 909 4720
4 8376 8938 6778 8715
4 3718 9879 7821 4478
4 6514 8153 5086 7768
4 6528 4639 7419 4011
4 7943 5551 2389 7818
4 7426 9043 3145 7534
4 5633 8648 2462 7785
4 2381 3704 4766 2401
4 5869 9561 7310 3244
4 4452 9192 9726 3617
4 3582 2398 737 6784
4 8150 9361 9684 5856
4 7249 8894 8043 7230
4 8898 7592 9072 7175
4 2874 7530 6340 6016
4 1021 396 8845 3595
4 3914 9703 2260 3882
4 8823 1529 1922 4026
4 1512 3153 1930 5467
4 4953 8299 3559 8954
4 9631 6585 3299 5901
4 6208 6870 3983 4057
4 3352 2129 7917 5776
4 150 3966 7990 8325
4 7013 9222 5380 5461
4 635 39 9122 6202
4 835 8425 8679 5255
4 5920 198 1952 9971
4 3371 5865 9143 2191
4 5085 4823 6834 3985
4 9429 7454 8712 8746
4 4202 5832 5522 3749
4 1886 4467 6466 8682
4 4907 1090 7770 7116
4 7596 359 3075 6649
4 8238 9549 9221 804
4 7010 5724 9667 947
4 32 5531 3188 9802
4 7956 9062 5556 2134
4 512 7966 9828 3564
4 3339 5615 7480 3129
4 7689 711 9734 3136
4 9183 6724 1507 4704
4 9091 9606 4124 1347
4 1822 3428 1761 45
4 9868 678 149 7221
4 6184 7220 4640 3011
4 5908 5896 2924 2277
4 6421 4887 3811 4016
4 8519 6700 7809 170
4 3322 4208 7186 7731
4 2148 1256 300 7970
4 8276 6574 6873 6705
4 6243 9173 5756 1100
4 7876 2707 2167 2343
4 5584 6811 1382 7964
4 6160 3641 4465 313
4 4514 6446 6264 9096
4 8196 0 5451 8263
4 3991 849 5047 5566
4 2024 3694 5939 5164
4 8632 2198 8562 6637
4 2278 3724 6203 611
4 3020 9459 2467 3121
4 471 8264 4708 8908
4 9573 6248 9752 9978
4 4335 2672 6553 1908
4 8752 6903 5277 5954
4 4949 8027 6659 5166
4 1047 2495 8517 6015
4 6681 7984 1157 9299
4 6726 9891 7424 1199
4 4659 8133 6522 7386
4 9583 6942 6596 7975
4 9987 2983 1044 9996
4 5657 1174 3818 4340
4 1569 5860 5240 9210
4 1179 3681 1181 5947
4 2875 4215 6648 9068
4 9328 7425 4992 8711
4 8801 2367 5040 1411
4 7727 9038 5721 1593
4 3226 3412 3127 9633
4 7384 6017 2337 4511
4 708 5449 1106 5362
4 541 4790 7521 8222
4 3203 6112 433 562
4 6719 6022 2062 5173
4 5836 8143 9836 5763
4 7509 3517 825 4286
4 1616 3894 514 1381
4 3563 6478 9721 8210
4 3031 5536 2702 4419
4 1840 5813 8160 1668
4 6246 2506 4456 7500
4 7555 8202 8413 6351
4 2601 8828 8696 5496
4 4052 355 8667 8863
4 4206 204 2025 1751
4 2296 3105 8336 4958
4 9486 8864 1400 5730
4 5157 4359 2120 8810
4 8139 1768 6492 6713
4 7877 608 968 3330
4 889 6864 2159 8031
4 2437 9920 1409 6275
3 8006 2329 6280
3 6051 9935 4801
3 70 5198 9198
3 4188 3596 8876
3 4092 465 9995
3 8977 1535 4742
3 5872 955 3004
3 2954 240 3235
3 7751 4943 3809
3 1012 919 8919
3 6263 234 7633
3 1843 1321 6960
3 3972 4858 3657
3 9418 1062 1640
3 2578 530 5751
3 2033 9269 8089
3 5368 9519 7924
3 4228 3926 3311
3 9768 5082 431
3 8454 456 8215
3 9028 4000 7397
3 430 270 9767
3 9187 5606 7729
3 131 2786 9699
3 9600 9716 1939
3 6576 7614 6698
3 2746 7995 6008
3 372 2604 6964
3 500 3939 2193
3 9446 978 6761
3 97 6097 2661
3 2762 1750 9201
3 1330 4046 2949
3 8137 4301 4534
3 5208 620 673
3 9332 9086 1259
3 9538 1980 9398
3 4796 9431 1744
3 7170 7663 136
3 8401 3956 9656
3 8447 9584 2977
3 6161 5191 2072
3 1036 6003 6890
3 5986 439 1519
3 2632 6844 8435
3 8822 2514 5245
3 2713 7407 9944
3 2772 5482 1796
3 6565 6824 7457
3 885 8180 3370
3 4942 7991 4221
3 3212 2694 4798
3 3590 6835 1318
3 2102 1961 24
3 1475 2074 1694
3 6352 2595 956
3 9413 4104 183
3 2399 8252 8383
3 6137 3280 6887
3 8326 1649 6809
3 8568 4635 86
3 4777 6463 8037
3 37 5666 9855
3 6450 6197 9075
3 4238 3060 3793
3 5752 8859 3344
3 7895 4502 7800
3 2207 1279 5732
3 7674 7881 6121
3 4387 9083 7586
3 457 7554 6972
3 9036 4839 7471
3 2297 2891 9009
3 2953 3822 1546
3 7461 6302 5994
3 4783 2881 4595
3 1983 5897 7812
3 8815 6963 8314
3 7410 458 1755
3 5168 4248 4358
3 7320 1538 7357
3 756 6959 3364
3 602 3543 4400
3 7362 7724 8900
3 487 9137 2144
3 4116 8930 3052
3 7094 2210 4596
3 2596 5024 8353
3 8766 9047 2149
3 3951 7387 2903
3 2608 335 6506
3 8093 3141 4399
3 4434 6471 9564
3 9035 7206 6915
3 9094 6311 6332
3 2028 221 9578
3 392 9114 801
3 9215 3347 2956
3 2610 4504 2741
3 9838 2785 2837
3 462 6818 2859
3 1371 1536 7602
3 3021 6353 3875
3 4339 7889 9659
3 8486 4994 4069
3 1688 1678 6127
3 5066 3789 6448
3 7850 1161 2892
3 6925 3651 5233
3 7078 168 802
3 40 1453 2059
3 5628 4982 4877
3 2469 6232 725
3 5181 31 8543
3 2412 6175 3887
3 9709 4736 8663
3 9820 739 9394
3 6148 840 1778
3 1009 842 2685
3 8438 2683 7959
3 7632 7694 5106
3 6229 1426 7859
3 8737 9651 8028
3 4291 7557 2307
3 4097 9993 6328
3 4688 502 6725
3 6944 1220 644
3 5125 325 639
3 78 7960 152
3 5128 511 393
3 9595 402 2169
3 2101 343 615
3 9015 3841 5817
3 9540 6699 8426
3 3012 8022 4549
3 9223 3318 1043
3 1959 9678 4488
3 8576 7742 2950
3 8804 5959 4567
3 613 4689 5719
3 9489 5631 229
3 1869 5558 4787
3 6473 5422 68
3 7395 4031 5676
3 8256 6034 9227
3 34 7971 2388
3 5882 848 8643
3 7803 7423 8950
3 4099 793 5190
3 6952 1377 1165
3 7994 2242 3903
3 3743 1080 6315
3 1807 8097 953
3 3679 4826 6746
3 2472 3555 3123
3 9957 4855 1979
3 726 7314 7697
3 7532 7631 6005
3 4880 7132 3515
3 8903 5443 1270
3 4723 7430 13
3 640 5881 1167
3 413 1892 20
3 3698 467 305
3 252 6452 4969
3 9892 7581 6225
3 5731 5850 4047
3 9887 579 2164
3 9475 7666 7176
3 860 2137 2669
3 2304 2215 4298
3 3509 76 477
3 5951 1502 4811
3 153 5212 7826
3 8629 9274 8571
3 6357 3396 6479
3 1590 2002 6922
3 8398 4267 4173
3 3621 5863 5950
3 6189 4078 6095
3 9280 3665 6291
3 57 2929 6674
3 6563 6046 9337
3 7496 4451 3581
3 346 649 4245
3 740 2898 4155
3 4750 5161 2432
3 5146 7906 2019
3 2629 7951 4279
3 4246 193 7036
3 4679 4554 2232
3 1549 3246 5829
3 3233 7713 1369
3 2527 395 1586
3 293 9524 8212
3 1953 4922 414
3 2358 7252 8821
3 3449 2799 6210
3 5026 6544 1416
3 7024 3146 6740
3 9065 937 949
3 4662 5346 8206
3 8456 9830 7804
3 1276 3761 8986
3 3902 7565 9313
3 4249 1504 3261
3 6104 554 3161
3 83 4747 4030
3 4311 1084 2824
3 1194 2751 568
3 868 7194 2531
3 3504 4314 6244
3 9234 3482 2533
3 9526 9157 5895
3 3838 4537 1516
3 1286 2634 8229
3 1650 2529 7743
3 8675 23 444
3 1793 7653 4856
3 2668 7236 3773
3 3748 9105 7813
3 4653 8498 7197
3 5714 5387 9543
3 5200 3263 3431
3 16 6630 6270
3 9294 3806 4328
3 5672 3332 9635
3 8440 6664 6294
3 9810 9333 8277
3 3174 1250 982
3 9496 4398 7490
3 1527 9692 5401
3 2047 2303 7018
3 4767 1514 9488
3 6258 1031 7963
3 9458 4176 3930
3 1532 8965 2442
3 1118 4914 1986
3 1032 3911 6920
3 4501 6245 4578
3 1201 9551 1891
3 6828 8201 5237
3 9680 675 4623
3 7559 8952 1452
3 4892 8642 8355
3 1296 4841 6612
3 9958 3316 1027
3 4001 7150 6962
3 2264 5175 6852
3 6494 8654 2143
3 5980 6744 5199
3 2712 6430 6510
3 8727 4935 2422
3 2671 6822 5059
3 3824 8729 499
3 5373 6693 9251
3 8289 1606 8179
3 3880 5834 3125
3 9711 9085 9260
3 3513 1618 365
3 4713 6569 8067
3 8918 6093 858
3 9149 9002 4144
3 8177 9858 7622
3 4164 3099 5769
3 4605 3407 9022
3 5043 459 225
3 7761 3747 4898
3 4775 5641 4095
3 4447 3570 5400
3 3147 8897 8808
3 5097 9655 6604
3 8235 4407 7957
3 9272 7418 30
3 8981 115 8593
3 7828 7237 1806
3 2328 9181 9624
3 6846 3274 9985
3 8382 6600 2402
3 6118 1058 7600
3 2335 1898 4562
3 185 123 1951
3 6130 3547 7849
3 9611 6126 2570
3 8567 5098 7048
3 4558 7190 6002
3 6851 94 7721
3 2946 8978 6590
3 2235 1132 5831
3 6323 6398 6727
3 5471 8108 9073
3 1865 1669 3355
3 8756 1110 8472
3 4156 6766 8388
3 4482 1978 576
3 8393 2220 7085
3 2466 8806 8753
3 4325 6993 7899
3 6899 6669 4197
3 6078 8340 7127
3 4840 4546 7665
3 7247 2046 2205
3 7616 6090 9771
3 7315 9927 7868
3 5442 7273 2240
3 5077 4694 2582
3 1639 8572 2333
3 6472 3615 5944
3 6711 8734 7329
3 6524 2591 6223
3 5041 4804 9745
3 3883 1754 6304
3 3078 9613 5019
3 5812 9859 7634
3 7693 9338 8129
3 8372 5505 4489
3 1835 473 3587
3 7805 896 160
3 1288 2216 8640
3 2911 1774 7460
3 1266 516 6774
3 899 2294 1848
3 3506 5323 419
3 2105 1271 4172
3 4564 3664 3324
3 2549 5189 8573
3 9877 101 5702
3 1313 7275 6739
3 3265 1849 9948
3 1137 9603 9003
3 7815 5800 6671
3 9013 5613 22
3 6356 2234 6560
3 3884 143 1212
3 6990 1192 5140
3 2730 6697 5460
3 5621 4746 3933
3 3878 2237 9134
3 2754 8021 2199
3 7121 3281 2136
3 1086 3439 4308
3 1653 8996 6803
3 7123 8994 4312
3 7491 5276 6063
3 3038 2781 7686
3 9744 6064 2793
3 5268 3849 753
3 2390 4255 558
3 9261 1699 3578
3 9029 906 417
3 5397 7931 2453
3 5171 6581 9679
3 3097 5134 8716
3 8773 4217 381
3 3402 3873 6023
3 9194 6831 6595
3 5426 6636 1488
3 5598 796 1656
3 4918 4818 5903
3 2016 8411 2289
3 7510 4196 1170
3 8084 5523 2417
3 2268 3782 2852
3 1480 4136 4599
3 1461 1127 9844
3 6414 9008 550
3 4394 5234 3817
3 6035 9230 7233
3 8464 1624 2406
3 2951 1783 3888
3 8166 828 8049
3 1093 8793 3131
3 1172 6520 6096
3 3381 2444 4678
3 4630 8789 2775
3 5246 7400 9759
3 472 3491 4613
3 9901 2621 7786
3 7117 8316 5253
3 8759 219 217
3 6132 6261 8618
3 159 4910 1404
3 8633 3300 6517
3 893 5736 4094
3 6373 7788 2068
3 3262 3965 6227
3 279 5770 7684
3 8539 3783 133
3 3442 6529 1867
3 2731 6953 1985
3 7903 6432 1627
3 2334 8987 3334
3 1814 7309 9575
3 845 1665 3584
3 4479 4088 5972
3 4193 2065 1801
3 3721 5577 2711
3 1781 5313 4487
3 9502 8165 9534
3 7925 9535 7501
3 3312 5391 6180
3 5966 7969 3744
3 4932 1221 1836
3 5398 2554 2987
3 610 5917 2750
3 2281 218 1208
3 3401 5586 1904
3 7388 6417 6586
3 7110 9660 6812
3 669 3927 7675
3 7371 4894 1646
3 3862 1899 1184
3 5370 5064 3445
3 5104 8665 7980
3 7898 2722 651
3 3539 5132 9200
3 401 7065 4538
3 990 9846 2184
3 8638 4544 7289
3 4529 4981 89
3 545 5599 5594
3 4428 3216 2464
3 1716 3947 2326
3 5481 3076 3085
3 7672 1638 9770
3 3929 8694 7695
3 2376 9754 3411
3 2947 1292 7502
3 934 9882 9941
3 3124 5511 1928
3 8584 9209 6405
3 8934 771 1299
3 9356 2087 8268
3 757 7664 7902
3 163 4669 292
3 7043 3017 7907
3 8842 5345 827
3 3424 8015 3807
3 977 6770 144
3 6259 1130 1683
3 2560 4628 8525
3 3521 1935 249
3 2173 9156 2835
3 7608 6497 1120
3 2480 2050 1870
3 9140 1138 6973
3 2567 6068 304
3 1469 7096 6805
3 2463 2057 3580
3 5122 9670 2990
3 7177 9089 3115
3 4833 6307 207
3 6409 894 2022
3 930 7744 8732
3 6958 4163 4882
3 4646 9785 3610
3 4842 3313 1331
3 7014 241 316
3 5429 2011 8709
3 8273 618 4149
3 7962 5804 199
3 6331 9860 7553
3 691 8776 8853
3 7134 3941 157
3 4553 7223 1209
3 288 7274 865
3 8886 4337 3541
3 4948 7544 2564
3 6301 356 8409
3 3353 287 7163
3 3893 8068 9225
3 2227 5514 7878
3 9491 6425 643
3 7216 9152 3178
3 9179 7640 6897
3 2179 8298 7642
3 8502 3186 9863
3 728 4392 5718
3 5725 8534 819
3 6541 5206 1841
3 5192 5182 4355
3 2288 6513 1574
3 8645 3753 5060
3 9647 9710 3006
3 6213 1227 8870
3 1652 4789 9100
3 1958 4226 6904
3 2805 5663 5329
3 862 4468 9367
3 1277 1971 7795
3 7546 5550 7298
3 9406 616 5254
3 4714 2418 6387
3 108 5848 9870
3 7229 7019 2163
3 5578 784 3425
3 6814 9885 9617
3 2841 6087 4143
3 3438 3798 733
3 425 4634 867
3 7087 9553 5825
3 9232 9329 7948
3 5741 5658 4598
3 9172 8310 6629
3 186 1495 4508
3 1809 8740 2563
3 2239 8941 3536
3 5952 5424 5612
3 5534 6796 4693
3 8141 3712 2577
3 5611 800 8564
3 7091 1700 2318
3 1563 3208 6484
3 378 1479 5958
3 9423 7349 3812
3 3209 5573 2201
3 7556 769 9590
3 226 4791 9570
3 6620 348 347
3 2344 1376 5510
3 2689 9582 2435
3 1661 1615 7441
3 5771 789 9314
3 9158 8309 4906
3 4726 4518 3917
3 2152 7799 8321
3 9346 8771 189
3 7434 4290 7333
3 383 719 1685
3 6253 7365 1494
3 8103 4986 128
3 6125 9876 1099
3 6748 4403 4709
3 9555 8493 7459
3 9862 1403 7580
3 2586 1909 7060
3 8086 6692 6917
3 5183 349 4939
3 9819 1131 4211
2 7758 1235
2 7541 9954
2 9205 1788
2 5316 6701
2 8064 415
2 1196 7835
2 2451 5294
2 1949 441
2 5409 2470
2 633 3213
2 2012 7140
2 958 8347
2 7946 5379
2 1679 1180
2 1799 1188
2 291 8686
2 8379 5343
2 831 3859
2 6279 3860
2 703 2878
2 8960 8282
2 1230 1119
2 3327 2550
2 863 4996
2 6456 1868
2 9737 361
2 6457 1284
2 3949 9323
2 3784 8080
2 203 2356
2 2382 1993
2 5148 2384
2 2498 388
2 2035 405
2 7669 509
2 3821 1105
2 1818 3247
2 2483 5694
2 8412 5779
2 693 8406
2 7807 7965
2 4621 1611
2 7479 9372
2 8875 5410
2 935 7507
2 6843 8726
2 782 1323
2 1335 4
2 1732 9999
2 280 6085
2 4675 4330
2 9807 4734
2 3787 8784
2 1046 6233
2 1074 7251
2 5699 258
2 2579 3394
2 4344 268
2 2378 1135
2 9663 2789
2 5051 1133
2 8410 8985
2 8970 6407
2 4254 8955
2 227 7307
2 7753 4632
2 5833 1111
2 200 4950
2 4633 4664
2 2324 922
2 9102 2541
2 8523 3639
2 662 9701
2 9636 811
2 6500 7791
2 5977 4979
2 4107 1987
2 2373 9604
2 8461 2311
2 9742 3389
2 318 3386
2 6635 9724
2 3292 4461
2 376 1029
2 8791 5356
2 1553 6983
2 2405 2942
2 3922 2086
2 983 5005
2 7667 9162
2 5844 3385
2 2386 342
2 9533 4371
2 491 3199
2 9148 7322
2 3827 6434
2 9644 794
2 8164 2715
2 2410 741
2 2030 9632
2 7399 9557
2 5177 173
2 9186 5327
2 8602 6371
2 8374 4425
2 7092 6158
2 2676 8725
2 2508 8731
2 8491 3756
2 9717 3819
2 6647 4220
2 5266 409
2 4810 7340
2 8872 7992
2 1918 3008
2 7820 6242
2 2883 3866
2 7627 9773
2 1992 5885
2 6420 4369
2 9342 2825
2 6254 872
2 5413 3267
2 1534 7706
2 8136 4273
2 5187 9609
2 621 1705
2 3794 4323
2 1063 5643
2 1329 1206
2 5210 5073
2 7228 1415
2 148 9282
2 1969 1897
2 7636 1045
2 9977 917
2 7832 4435
2 7069 821
2 1439 195
2 8857 5399
2 4651 69
2 4978 3225
2 1554 2747
2 3799 3935
2 984 6678
2 5957 2934
2 7712 483
2 2172 1731
2 7033 5045
2 312 7165
2 7547 6174
2 9362 4260
2 8879 7938
2 437 5361
2 3058 435
2 7408 8613
2 5840 5853
2 4237 3227
2 3466 4535
2 9327 7393
2 3474 5883
2 4103 2166
2 7276 652
2 4032 2427
2 7264 9963
2 2803 6480
2 9159 2503
2 2884 605
2 4356 5167
2 3620 7736
2 5470 8728
2 1610 901
2 5265 2873
2 6234 5979
2 4214 8758
2 7243 3144
2 7093 6499
2 4807 508
2 5340 5745
2 9787 7588
2 6654 8507
2 5508 4758
2 7915 4224
2 6841 6077
2 6901 3636
2 4822 4860
2 7793 7416
2 2996 6675
2 2425 987
2 8570 194
2 2330 9822
2 1305 7097
2 8395 8780
2 5350 9775
2 9070 179
2 1654 8778
2 8535 8770
2 2500 4372
2 9011 8144
2 7172 8142
2 111 9380
2 7427 4972
2 184 8786
2 3476 192
2 3879 4891
2 4577 6853
2 7789 4890
2 2206 6187
2 7639 8311
2 2769 3530
2 118 9415
2 3984 303
2 9749 596
2 8117 2556
2 3082 7059
2 4732 209
2 8877 5107
2 1142 2170
2 8038 7942
2 3189 4175
2 9421 7883
2 4376 5557
2 7856 8224
2 5067 4285
2 3777 8417
2 8961 482
2 7561 6128
2 478 1728
2 729 1614
2 9931 8361
2 6141 9571
2 7578 7098
2 8405 3044
2 1831 5279
2 8114 7086
2 9218 9264
2 8975 6614
2 2520 230
2 5696 4523
2 6411 6902
2 121 5906
2 8272 4724
2 5747 2812
2 1972 2974
2 2512 908
2 9436 3727
2 5993 3493
2 8135 6308
2 7741 3717
2 6156 3716
2 2485 4952
2 8244 5983
2 1695 7075
2 1517 8061
2 2808 2771
2 7590 274
2 9556 1485
2 781 9031
2 8002 2039
2 6937 8009
2 3685 1350
2 7847 7606
2 8462 7077
2 7187 8530
2 7045 6682
2 4899 2098
2 4699 5483
2 8075 1625
2 9793 6833
2 7483 156
2 6559 6177
2 1496 4470
2 5504 9126
2 4232 6720
2 8880 2110
2 1283 7017
2 8698 833
2 507 8542
2 6607 5870
2 1937 9736
2 8561 4845
2 5304 5533
2 5727 8797
2 256 2532
2 7730 424
2 8220 8045
2 4063 2602
2 2271 4333
2 1177 1749
2 61 5617
2 6429 5213
2 8500 311
2 2272 2827
2 8011 6545
2 6428 3635
2 6265 7864
2 1226 8110
2 574 1753
2 4098 1696
2 5260 4297
2 795 1501
2 7337 9686
2 2231 4966
2 866 428
2 7404 3059
2 9457 7068
2 3108 8868
2 8494 1326
2 1634 7248
2 5382 5377
2 7550 2298
2 1917 8159
2 8635 4980
2 4427 9357
2 5158 682
2 1804 4588
2 4913 1171
2 6026 2657
2 1984 7533
2 3023 2447
2 9301 3307
2 4876 5783
2 1513 5023
2 5938 6971
2 3690 3053
2 81 9498
2 8556 7711
2 4440 1006
2 5262 7030
2 5008 9007
2 6075 9910
2 7022 8473
2 8190 3268
2 1166 1703
2 1622 903
2 9296 959
2 6551 7682
2 7830 5907
2 8924 2252
2 9932 1789
2 8441 7138
2 803 5754
2 538 3993
2 5480 9521
2 8850 406
2 7833 7292
2 6293 4305
2 7929 7139
2 6998 4262
2 7367 6539
2 3469 5632
2 3534 1275
2 2393 3846
2 6098 3205
2 5472 5585
2 1762 182
2 3266 1307
2 7067 2673
2 6412 4770
2 7453 9823
2 6617 2310
2 3361 2357
2 8555 5910
2 6021 2900
2 1932 6257
2 8592 2583
2 7514 8968
2 6237 4591
2 7584 9548
2 9044 4843
2 7129 4851
2 6859 4830
2 9577 7523
2 5900 6533
2 5281 4283
2 3705 603
2 7102 1824
2 3154 5010
2 3286 4048
2 3416 4793
2 658 3963
2 7281 9698
2 3854 2645
2 2138 5693
2 6393 9042
2 4893 4453
2 7688 6799
2 1149 668
2 4060 4019
2 1191 4923
2 6519 9297
2 6848 5926
2 5430 1878
2 3169 3382
2 9411 7071
2 6040 1770
2 6643 452
2 2546 7985
2 8541 2928
2 1190 3810
2 5100 9311
2 5640 2899
2 9914 7658
2 921 9189
2 6961 6222
2 9861 8001
2 4571 4911
2 3591 275
2 2664 2026
2 7574 25
2 698 3994
2 224 7000
2 6454 3611
2 2385 341
2 2961 8085
2 1612 4236
2 3803 9059
2 582 8231
2 3454 7782
2 2656 9972
2 27 5538
2 8000 6592
2 9229 319
2 2153 972
2 9204 6195
2 7890 6509
2 5809 2662
2 6334 4009
2 3990 9101
2 6185 3619
2 6862 6923
2 2709 6031
2 9270 659
2 886 5828
2 3696 7852
2 9554 6119
2 3719 8554
2 5838 6290
2 746 468
2 1302 3523
2 2280 238
2 1775 9146
2 54 4691
2 526 8334
2 6516 3754
2 5386 8109
2 1873 7488
2 4209 1134
2 8034 4525
2 8118 6491
2 6850 3413
2 9933 6391
2 3156 9825
2 6199 9720
2 1777 412
2 999 9024
2 6772 5635
2 1667 5549
2 7261 7504
2 180 1316
2 6283 2525
2 7011 2038
2 4821 4705
2 2980 1237
2 5949 7222
2 5014 5227
2 4034 5778
2 2010 4987
2 9336 4132
2 5257 1725
2 9400 8098
2 4520 6163
2 8508 4252
2 3843 422
2 3645 8757
2 379 2758
2 4556 573
2 1880 1087
2 4581 9150
2 8318 3383
2 6792 5697
2 5859 2154
2 1308 8546
2 4174 7921
2 8344 5342
2 7005 2733
2 9321 3788
2 1374 533
2 5466 9638
2 3643 5029
2 5820 5539
2 5153 986
2 1290 3340
2 583 4062
2 7822 360
2 2431 5108
2 2858 3546
2 9929 1664
2 8511 1915
2 5406 7882
2 9164 9833
2 3628 5049
2 4438 911
2 6631 2706
